5.014152793637177474e+00
6.050403315547826288e+00
6.968284115533831979e+00
5.765146608745321366e+00
5.536488708545535431e+00
6.992885232257632921e+00
5.494681452370835828e+00
6.292678512444440209e+00
5.246920844000757533e+00
4.224347558592544516e+00
7.642881407467050359e+00
6.740828664541258064e+00
5.925758353355520924e+00
6.666815482387172587e+00
5.854977722665797302e+00
5.128001798754606710e+00
5.150049213356796329e+00
6.662790961754089025e+00
6.169503941190117580e+00
7.388385688550938468e+00
5.364533891896665629e+00
5.549926948594370302e+00
4.723200341681279113e+00
5.486533117978233065e+00
6.748989740919122404e+00
4.473619888623657559e+00
4.236215603952495634e+00
6.564815569622023617e+00
7.152778415394738687e+00
5.432416263431238512e+00
7.251799776028356348e+00
5.437577380342928812e+00
5.001895416699616348e+00
6.393861615723826830e+00
5.690875180607338102e+00
5.816409783309028469e+00
6.780571575935629092e+00
7.293475082693023026e+00
6.525256577799646962e+00
5.785710561032177957e+00
4.048371109753631458e+00
6.953493351758002206e+00
5.913116113882685987e+00
5.800075232958640470e+00
4.983572578776593431e+00
7.168524522143284727e+00
5.646271797443447760e+00
6.432974237890807245e+00
6.332178545456604191e+00
6.495218062728826958e+00
5.454442304767481708e+00
5.579815067988480592e+00
6.284627742944274509e+00
5.349516870915127065e+00
5.303769448353300220e+00
6.191171050543606391e+00
5.717774174156551759e+00
5.225283527307572840e+00
5.021907365278466706e+00
7.155233185688579134e+00
6.008665639804467773e+00
5.363812870208848338e+00
6.041725066678583111e+00
7.721200111175553715e+00
5.170773652063060943e+00
6.284213767149935848e+00
6.787167588738340029e+00
6.203056315889177164e+00
6.318058410011825110e+00
4.987241766972091206e+00
7.618608170929639378e+00
4.830581693544067079e+00
7.199800103483334546e+00
6.983421583786092235e+00
7.038828219741715131e+00
7.320183256198821375e+00
4.281230097267806123e+00
6.056373068380103142e+00
4.616282350897019882e+00
5.295476632176461251e+00
5.699259176525119486e+00
6.143726753246561145e+00
5.517507372238002361e+00
4.591167091239524822e+00
6.785507224891881961e+00
5.700355551239350227e+00
5.859949866439896127e+00
4.829598460407497740e+00
6.859619548349570550e+00
7.628397257959607991e+00
5.938863365564761132e+00
5.400822617782270463e+00
4.817119006807340398e+00
5.828015413001157441e+00
6.181010466220101307e+00
4.786156518897151102e+00
6.302433759639854749e+00
7.210648181560632253e+00
5.244739364730417464e+00
6.331338279464167940e+00
5.760169976036062067e+00
6.994299462237444587e+00
6.909872607880645390e+00
6.769359653814786881e+00
7.317842978967848744e+00
5.199441492447002489e+00
5.875662616393432458e+00
7.526038268783012519e+00
5.503240280672672569e+00
5.428284846778434591e+00
6.201868437966584935e+00
4.959176567734724372e+00
5.802552275658991121e+00
5.760635703638012473e+00
6.355388273255737630e+00
5.481093041379802244e+00
4.377334083824139910e+00
6.388929990702155948e+00
6.051107339025375786e+00
7.310061184846398774e+00
4.904314733305468188e+00
6.698209430502736872e+00
6.803286844701757374e+00
5.685145576744018214e+00
6.149060071477295608e+00
6.039131400646942538e+00
4.825335452840119999e+00
4.703696298394232755e+00
4.152180141036151184e+00
5.584060398336056608e+00
6.988249085602747712e+00
4.998646674827878833e+00
7.449392159436688310e+00
6.338400291757123384e+00
4.642755113971865910e+00
5.101015835261634379e+00
6.178429565697248549e+00
6.974951854674370288e+00
7.875201578187351004e+00
3.591538600655316937e+00
6.755651488634636159e+00
6.365535650290794933e+00
5.393048092797659621e+00
4.449899054214030869e+00
5.986867734095331350e+00
5.356836868611509317e+00
6.657939235410588630e+00
4.200858634169163608e+00
6.387541442308218187e+00
3.550398798348333163e+00
5.429811022947848009e+00
7.164337369277877343e+00
7.296297432916007075e+00
8.057503271526460509e+00
6.212606823911722920e+00
7.083952425784753260e+00
4.751930071756036433e+00
4.735102894574440668e+00
6.270866447994726478e+00
6.339261447988890019e+00
5.165167333697993968e+00
6.538392499610060860e+00
4.108168606569797099e+00
5.361665517268672687e+00
3.646698822489727210e+00
4.192760671824617980e+00
4.442477725156927626e+00
5.887923827521368558e+00
5.680215422850260154e+00
4.045188851455694845e+00
4.777046142283599472e+00
7.067273536808341916e+00
5.367965366930995685e+00
5.055347580554021114e+00
3.612431400516537661e+00
6.837751942924150228e+00
7.704351730561652900e+00
5.596095426240510484e+00
4.325105595086301769e+00
5.292028550298245371e+00
6.347386114170174842e+00
6.122304241304602712e+00
4.795810210520123462e+00
5.542199802583358093e+00
5.602386197069938234e+00
5.382261358716812438e+00
6.727434118484036496e+00
5.623920032555888682e+00
6.153047425164648310e+00
5.321326316086172348e+00
5.244316149333092980e+00
6.976921639076540949e+00
5.521265996061610615e+00
4.346904209596243795e+00
5.272820746557591143e+00
6.727525031111237119e+00
5.118536144719916692e+00
7.479981387606730259e+00
5.422301951287522570e+00
5.634292848586966329e+00
6.760339393137566155e+00
4.268005086628335221e+00
7.026052290450445881e+00
5.845549325068859048e+00
5.639717568665204794e+00
7.519056188518989714e+00
5.817979057848752689e+00
6.520052590955341287e+00
6.686208432249524769e+00
6.605937365545200279e+00
7.039542711575538902e+00
7.156482556387627092e+00
4.488539422342414653e+00
5.068069678793137633e+00
8.456556545333704378e+00
6.435763082216872988e+00
4.649833688503433038e+00
7.417433881011225694e+00
5.280438935507612896e+00
6.069505139054668597e+00
7.091146391395112936e+00
5.012416490166329730e+00
4.709594296506156574e+00
5.796650393541848523e+00
6.353818307027301771e+00
4.772539122094264563e+00
5.913134686589630817e+00
3.711935753598365917e+00
6.743384267512390728e+00
5.302622893421698791e+00
4.505375742215840695e+00
4.859285268242885536e+00
6.060586389770511673e+00
5.561034872310876231e+00
6.340994865316675444e+00
6.295570729762088646e+00
5.328091495233802988e+00
6.844830788686355305e+00
5.745066669850404040e+00
6.825357506550449926e+00
4.758772726370697370e+00
7.632439409133180419e+00
5.794382085110883374e+00
5.081425713399869259e+00
5.850435551748675245e+00
6.063372433838865483e+00
3.714137643050754001e+00
5.930934503691899451e+00
7.152425119432166412e+00
6.834075024184258496e+00
3.905287380363509975e+00
8.093095850025257221e+00
5.675839078574132834e+00
3.358670814092411305e+00
6.284500725143387534e+00
4.731604668717899642e+00
5.020973425691364511e+00
3.927232804061156823e+00
5.949838728848136249e+00
5.382206477073150808e+00
5.834242497608338240e+00
7.045077264382002546e+00
6.203369726283721519e+00
5.369937949412149969e+00
5.026702236859486916e+00
4.642970679159345693e+00
5.578507989461848560e+00
7.447662705161640417e+00
4.950971989751549174e+00
5.694172564951390569e+00
5.348494766984545734e+00
6.793049317447050761e+00
3.818176623491331245e+00
4.535817396669103552e+00
6.661549194954102582e+00
6.805150229829242114e+00
5.900985153138703865e+00
5.456634306252286848e+00
6.321120439963562987e+00
5.763186091366108599e+00
5.320497663104995389e+00
7.227823753756916325e+00
6.381481152869254991e+00
5.857501430948460985e+00
5.756559118176713064e+00
5.549056743201175479e+00
5.399356800248142463e+00
5.862467900177866120e+00
6.221953959407984236e+00
5.537447571481886044e+00
6.816089173520237132e+00
5.132533258487565142e+00
3.875122553510637058e+00
7.042028182161627292e+00
6.007258353541292450e+00
7.103528367966509549e+00
4.737316074096522556e+00
6.591003481865845615e+00
3.525344279228582511e+00
5.599257453472231916e+00
6.135666262596330967e+00
5.200144925456452683e+00
5.983625728563904289e+00
6.090543048837647078e+00
7.329803817319239023e+00
8.042799309045925327e+00
5.541466060561148765e+00
5.924552408518321656e+00
6.316165042153597753e+00
6.057936040254888077e+00
5.262264215039047954e+00
6.905641516604640096e+00
6.365541562557092803e+00
7.441736100697914580e+00
4.941365307680839258e+00
4.825000707374702102e+00
6.928564894915909100e+00
4.431854308788322427e+00
4.610407345798829937e+00
6.606217484957726427e+00
6.172967666115456886e+00
5.187560694699887343e+00
6.066268043257364795e+00
8.030357185831256572e+00
6.271546277036740058e+00
6.151488280908328221e+00
5.885260288367854642e+00
5.139084103666558434e+00
6.143164599433119655e+00
6.382240673071617465e+00
7.176751818329123012e+00
7.152577176002786530e+00
5.796419676001717924e+00
5.693794630665507839e+00
5.963386422856787661e+00
5.764252737270268767e+00
6.686090202618645506e+00
7.631523005771458479e+00
5.935981199470238501e+00
5.450788408846228172e+00
6.508277603137068823e+00
5.222181942722800230e+00
6.932168921090391400e+00
5.619453382202922676e+00
6.640690568798177651e+00
5.961441844009704560e+00
5.196546392771629996e+00
6.213758523391049060e+00
6.288347759419067096e+00
6.706523652577873307e+00
5.271543755358192307e+00
6.049984660260045111e+00
4.632938065438086284e+00
5.719431543373577398e+00
6.176824260013292545e+00
5.847993699243798638e+00
4.787811178178770888e+00
4.678273773344861830e+00
6.431847010508109364e+00
5.077117342702125669e+00
5.460274918592317839e+00
6.879632075664870783e+00
6.176633844295285947e+00
8.308063336375951735e+00
7.496489695241807638e+00
